c PicoSAT SAT Solver Version 965
c Copyright (c) 2006 - 2014 Armin Biere JKU Linz
c gcc -g -O2 -fdebug-prefix-map=/build/picosat-jdRevn/picosat-965=. -fstack-protector-strong -Wformat -Werror=format-security
c
c using 2 as default phase
c
c parsing vars-300-4.cnf
c parsed header 'p cnf 300 1275'
c initialized 300 variables
c found 1275 non trivial clauses
c
c random number generator seed 0
c 
c  seconds     variables   original    learned     agility
c         level        used      conflicts    limit          MB
c 
c s   0.0   0.0   300   0.0  1275     0     0     0   0.0   0.1 
c 
c initial reduction limit 1000 clauses
c 
c +   0.0  27.7   300  87.7  1275   100   100  1100  10.6   0.1 
c R   0.0  27.7   300  87.7  1275   102   102  1100  11.0   0.1 
c +   0.0  24.6   300  94.7  1275   221   221  1210  21.4   0.1 
c +   0.0  22.5   300  98.3  1275   367   367  1331  26.5   0.2 
c N   0.0  22.2   300  98.7  1275   403   403  1331  26.7   0.2 
c +   0.0  21.1   300  99.0  1275   543   543  1464  29.1   0.2 
c +   0.0  19.8   300  99.3  1275   755   755  1610  30.4   0.2 
c +   0.0  18.9   300  99.3  1275  1011  1011  1771  28.2   0.3 
c N   0.0  18.2   300  99.3  1275  1206  1206  1771  29.1   0.3 
c +   0.0  17.9   300  99.3  1275  1320  1320  1948  29.4   0.3 
c +   0.0  17.1   300  99.3  1275  1693  1693  2142  29.2   0.4 
c +   0.0  16.6   300  99.3  1275  2144  2144  2356  29.1   0.4 
c +   0.1  16.0   300  99.3  1275  2689  1506  2591  29.9   0.4 
c N   0.1  15.6   300  99.3  1275  3217  2034  2591  30.8   0.4 
c +   0.1  15.5   300  99.3  1275  3348  2165  2850  29.9   0.5 
c +   0.1  15.1   300  99.3  1275  4145  1531  3135  28.9   0.4 
c +   0.1  15.0   300  99.3  1275  5109  2495  3448  30.1   0.5 
c +   0.1  14.8   300  99.3  1275  6275  1928  3792  28.5   0.4 
c +   0.1  15.0   300  99.3  1275  7685  3338  4171  30.0   0.6 
c N   0.1  15.1   300  99.3  1275  8032  3685  4171  28.5   0.7 
c 
c  seconds     variables   original    learned     agility
c         level        used      conflicts    limit          MB
c 
c +   0.2  15.2   300  99.3  1275  9391  2951  4588  28.2   0.6 
c +   0.2  15.2   300  99.3  1275 11455  2712  5046  29.2   0.5 
c +   0.3  15.0   300  99.3  1275 13952  2677  5550  30.4   0.5 
c +   0.3  14.7   300  99.3  1275 16973  2915  6105  30.5   0.5 
c N   0.4  14.5   300  99.3  1275 19253  5195  6105  32.6   0.8 
c +   0.4  14.5   300  99.3  1275 20628  3512  6715  31.4   0.6 
c +   0.5  14.1   300  99.3  1275 25050  4570  7386  30.1   0.7 
c +   0.6  14.0   300  99.3  1275 30400  6217  8124  28.8   1.0 
c +   0.8  13.9   300  99.3  1275 36873  4558  8936  28.5   0.7 
c +   1.0  13.8   300  99.3  1275 44705  7916  9829  29.2   1.3 
c N   1.0  13.7   300  99.3  1275 44896  8107  9829  29.0   1.3 
c +   1.2  13.4   300  99.3  1275 54181  7553 10811  31.4   1.2 
c +   1.5  13.1   300  99.3  1275 65646  8193 11892  29.3   1.2 
c +   1.9  12.8   300  99.3  1275 79518 10159 13081  28.4   1.5 
c +   2.5  12.5   300  99.3  1275 96303  7301 14389  30.1   1.1 
c N   2.7  12.5   300  99.3  1275 102e3 13613 14389  30.9   1.9 
c +   3.1  12.3   300  99.3  1275 116e3 13204 15827  30.2   1.8 
c +   3.9  12.3   300  99.3  1275 141e3 14019 17409  28.4   1.9 
c +   5.0  11.9   300  99.3  1275 170e3  8906 19149  28.8   1.4 
c s   5.3  11.8   299  99.3  1264 179e3  8870 19149  31.6   1.5 
c N   5.3  11.8   299  99.3  1264 179e3  8970 19149  30.6   1.5 
c N   5.3  11.8   299  99.3  1264 180e3  9275 19149  27.7   1.6 
c 
c  seconds     variables   original    learned     agility
c         level        used      conflicts    limit          MB
c 
c N   5.3  11.8   299  99.3  1264 181e3 10078 19149  28.5   1.7 
c N   5.4  11.8   299  99.3  1264 183e3 12082 19149  29.1   1.9 
c N   5.6  11.8   299  99.3  1264 187e3 16889 19149  27.0   2.6 
c N   6.1  11.9   299  99.3  1264 199e3 18525 19149  30.8   2.8 
c +   6.4  11.8   299  99.3  1264 206e3 16756 21063  30.2   2.4 
c N   7.2  11.8   299  99.3  1264 224e3 13531 21063  29.5   1.9 
c +   8.3  11.8   299  99.3  1264 250e3 18137 23169  29.3   2.5 
c N   9.8  11.7   299  99.3  1264 282e3 15373 23169  28.3   2.1 
c s  10.5  11.6   298  99.3  1250 297e3 10542 23169  28.8   1.6 
c N  10.5  11.6   298  99.3  1250 297e3 10643 23169  28.6   1.6 
c N  10.5  11.6   298  99.3  1250 297e3 10944 23169  28.4   1.6 
c N  10.5  11.6   298  99.3  1250 298e3 11745 23169  28.5   1.7 
c N  10.6  11.6   298  99.3  1250 300e3 13751 23169  27.2   2.0 
c +  10.7  11.5   298  99.3  1250 303e3 16316 25485  27.2   2.3 
c N  10.8  11.5   298  99.3  1250 305e3 18568 25485  27.9   2.6 
c N  11.3  11.5   298  99.3  1250 316e3 17053 25485  29.8   2.3 
c N  12.6  11.5   298  99.3  1250 342e3 17197 25485  27.9   2.3 
c s  12.9  11.4   297  99.3  1241 347e3 15986 25485  29.6   2.3 
c N  12.9  11.4   297  99.3  1241 347e3 16087 25485  29.0   2.3 
c N  12.9  11.4   297  99.3  1241 347e3 16387 25485  26.8   2.3 
c N  13.0  11.4   297  99.3  1241 348e3 17191 25485  29.9   2.4 
c N  13.1  11.4   297  99.3  1241 350e3 19191 25485  27.5   2.7 
c 
c  seconds     variables   original    learned     agility
c         level        used      conflicts    limit          MB
c 
c N  13.4  11.4   297  99.3  1241 355e3 24003 25485  30.5   3.3 
c N  13.9  11.4   297  99.3  1241 366e3 22478 25485  28.8   3.0 
c +  14.0  11.4   297  99.3  1241 366e3 22639 28033  27.3   3.0 
c s  15.0  11.3   296  99.3  1231 383e3 16849 28033  28.2   2.3 
c N  15.0  11.3   296  99.3  1231 383e3 16949 28033  28.9   2.3 
c N  15.0  11.3   296  99.3  1231 384e3 17250 28033  28.5   2.4 
c N  15.0  11.3   296  99.3  1231 384e3 18053 28033  27.7   2.5 
c N  15.2  11.3   296  99.3  1231 386e3 20057 28033  30.0   2.7 
c N  15.5  11.3   296  99.3  1231 391e3 24866 28033  27.0   3.3 
c N  15.7  11.3   295  99.3  1231 394e3 27721 28033  29.7   3.6 
c N  15.7  11.3   295  99.3  1231 394e3 28022 28033  27.5   3.6 
c N  15.7  11.3   295  99.3  1221 395e3 10161 28033  28.9   1.5 
c N  15.8  11.3   295  99.3  1221 397e3 12166 28033  27.6   1.7 
c N  16.0  11.3   295  99.3  1221 402e3 16977 28033  30.5   2.3 
c s  16.4  11.2   294  99.3  1212 410e3 13829 28033  28.9   2.0 
c N  16.4  11.2   294  99.3  1212 411e3 13930 28033  29.5   2.0 
c N  16.4  11.2   294  99.3  1212 411e3 14231 28033  27.6   2.0 
c N  16.5  11.2   294  99.3  1212 412e3 15036 28033  28.9   2.1 
c N  16.6  11.2   294  99.3  1212 414e3 17046 28033  28.7   2.4 
c N  16.7  11.2   291  99.3  1212 415e3 18410 28033  27.5   2.5 
c N  16.7  11.2   291  99.3  1212 415e3 18714 28033  28.6   2.5 
c N  16.7  11.2   291  99.3  1212 416e3 19518 28033  28.6   2.6 
c 
c  seconds     variables   original    learned     agility
c         level        used      conflicts    limit          MB
c 
c N  16.8  11.2   290  99.3  1212 418e3 20903 28033  27.7   2.8 
c N  16.8  11.2   290  99.3  1212 418e3 21203 28033  27.4   2.8 
c N  16.9  11.2   288  99.3  1212 419e3 22099 28033  29.6   2.9 
c N  16.9  11.1   288  99.3  1212 419e3 22397 28033  27.6   2.9 
c 0  16.9  11.1   261  99.3  1212 419e3 22557 28033  28.8   2.9 
c 
c  seconds     variables   original    learned     agility
c         level        used      conflicts    limit          MB
c 
s UNSATISFIABLE
c
c 12 iterations
c 2 restarts
c 0 failed literals
c 419737 conflicts
c 484503 decisions
c 39 fixed variables
c 5687056 learned literals
c 32.6% deleted literals
c 27340378 propagations
c 448901233 visits
c 99.3% variables used
c 16.9 seconds in library
c 1.6 megaprops/second
c 26.5 megavisits/second
c probing 0.0 seconds 0%
c 6 simplifications
c 47 reductions
c 52.3 MB recycled
c 3.7 MB maximally allocated
c 16.9 seconds total run time
